0,0.2641,-0.43639,0.54845,0.24291,-0.34932,-0.39797,-0.35793,-0.14866,-0.051252,-0.058511,-0.0043246,0.076204,-0.25634,0.37677,-1.2207,-0.10268,-0.60506,-0.39731,-0.38328,-0.27586,-0.17513,-0.63594,-0.072224,-0.055081,7.2803e-05,0.10429,0.2195,0.0056081,0.019941,0.57064,-0.15963,0.29597,-0.055807,-0.20562,-0.51195,-0.28159,-0.52728,-0.4987,-0.17309,0.084186,-0.02936,-0.015103,-0.054473,0.027576,0.027591,0.028568,0.088772,0.021565,0.016817,0.30976,0.19305,-0.10418,0.11552,0.016306,-0.16157,-0.17166,-0.34031,-0.25897,0.065832,-0.065878,0.041729,-0.038533,-0.011155
0.2641,0,0.10029,0.49432,0.10395,0.0060337,0.03892,-0.098858,-0.44574,-0.34621,-0.056749,0.071772,0.18179,-0.11427,0.45669,-0.41127,0.059622,-0.060618,0.061085,0.033587,0.08657,-0.044741,-0.13062,-0.16045,-0.12652,0.018004,0.10406,0.24972,0.09016,0.015993,0.58714,0.02991,0.36491,0.145,-0.031863,0.0063808,0.14704,-0.088347,-0.070299,0.045552,0.033415,-0.132,-0.074848,-0.062373,0.061693,0.062682,0.0459,0.16915,0.046253,0.10254,0.4091,0.29727,0.065933,0.19436,0.15448,0.044437,0.20484,0.1295,-0.092594,0.22451,-0.21492,-0.0093096,-0.054405,-0.023832
-0.43639,0.10029,0,0.61426,0.35151,-0.090194,-0.075408,-0.070196,-0.055045,0.06764,0.044657,0.057176,0.26767,-0.18699,0.59804,-0.60864,0.095791,-0.29532,-0.16496,-0.14819,-0.016421,0.10921,-0.32244,-0.043295,-0.023702,0.03707,0.131,0.20787,0.14426,-0.0015136,0.71678,-0.025766,0.25647,0.02956,-0.03309,-0.23042,0.029745,-0.22497,-0.17745,0.1167,0.096079,-0.013631,-0.0080448,-0.018758,0.036083,0.039649,0.031259,0.10443,0.054348,0.16055,0.42243,0.25048,-0.064427,0.16007,0.1302,0.010226,0.12804,-0.0057635,-0.1047,0.34658,0.038451,0.022144,-0.023898,-0.020675
-0.14866,-0.44574,-0.055045,-0.77773,-0.31257,0.023729,0.021159,-0.11493,0,0.31878,0.11366,0.068132,0.34435,-0.11387,0.60925,-0.33525,0.14243,-0.0070024,0.058678,0.075607,0.15198,0.33428,0.034257,-0.072905,-0.012175,0.067517,0.14998,0.20428,0.24472,0.040374,0.8878,0.0034515,0.22368,0.019849,0.014685,0.033878,0.1656,0.065697,0.095564,0.30949,0.1225,-0.02115,-0.022174,-0.01292,0.042831,0.042521,0.038355,0.066577,0.13842,0.20739,0.35521,0.32993,-0.060658,0.18372,0.15122,0.048745,0.20784,0.15321,-0.050682,0.51535,0.15213,0.021841,-0.036631,-0.0051992
-0.058511,-0.056749,0.044657,-0.14799,0.033529,0.059189,0.057785,0.05644,0.11366,-0.051143,0,-0.01846,0.35884,-0.11286,0.59159,-0.35338,0.1181,-0.018385,0.052998,0.057566,0.13107,0.22363,-0.010113,-0.24982,-0.17118,-0.057249,0.11376,0.20351,0.27764,0.0049162,0.98455,0.015277,0.23441,0.03898,-0.0054888,0.024211,0.15613,0.019372,0.050754,0.21116,0.036051,-0.16815,-0.15071,-0.14755,-0.062546,-0.062099,-0.071702,0.088022,0.10501,0.20191,0.41639,0.3284,-0.046345,0.17385,0.14789,0.040644,0.20063,0.14285,-0.06781,0.39467,0.012476,-0.085388,-0.17508,-0.15662
0.076204,0.18179,0.26767,0.045269,0.16497,0.31233,0.30676,0.26653,0.34435,0.26967,0.35884,0.38189,0,-0.25887,0.61279,-0.42005,0.018281,-0.039969,0.042646,0.037448,0.11334,0.0027551,-0.1212,-0.32731,-0.31115,-0.0029681,0.090775,-0.091851,-0.21873,-0.10605,0.89506,-0.24377,0.19179,0.0037865,-0.079831,-0.0038874,0.13959,-0.10774,-0.010208,0.11063,0.097965,-0.04825,-0.048013,-0.35642,-0.004453,0.0023755,-0.0323,-0.29167,-0.27006,-0.069881,0.25821,0.12711,-0.17781,0.086371,0.07606,-0.047946,0.12899,0.092686,-0.13969,0.18062,-0.19105,-0.0031483,-0.34694,-0.048781
0.37677,0.45669,0.59804,0.32381,0.41548,0.53605,0.53105,0.5532,0.60925,0.53385,0.59159,0.56506,0.61279,0.75547,0,-0.46172,-0.17329,-0.07119,0.023893,-0.0047695,0.090154,-0.12121,-0.15505,-0.10294,-0.13634,-0.0267,0.076253,0.093313,-0.35333,-0.2481,0.43824,-0.49086,0.089392,-0.057042,-0.18459,-0.04169,0.12251,-0.16827,-0.048576,0.033172,0.092266,-0.076186,-0.079711,-0.17253,-0.027721,-0.007655,-0.038495,-0.15747,-0.55649,-0.31792,-0.034725,-0.046491,-0.32004,-0.052161,-0.020071,-0.16156,0.029205,0.036473,-0.28116,0.067906,-0.098814,-0.033447,-0.12719,-0.079702
-0.10268,0.059622,0.095791,-0.16487,-0.060078,0.18852,0.18025,0.18229,0.14243,0.16132,0.1181,0.11565,0.018281,0.13844,-0.17329,0.50546,0,-0.040824,0.049369,0.044197,0.12664,0.078731,-0.028087,-0.045505,-0.027281,0.042972,0.13448,0.2199,0.18406,0.0078068,0.70428,-0.049412,0.2123,-0.021966,-0.060815,-0.0015298,0.1465,-0.0037361,0.02553,0.17954,0.098833,-0.017232,-0.008072,-0.017063,0.04172,0.041621,0.037822,0.10664,0.089094,0.14562,0.37812,0.27992,-0.086296,0.15117,0.11914,-0.011582,0.074512,0.1273,-0.12591,0.25247,0.050805,0.037164,-0.011585,-0.013047
0.2195,0.24972,0.20787,0.24388,0.24727,0.21096,0.21373,0.20995,0.20428,0.20838,0.20351,0.35861,-0.091851,0.28222,0.093313,0.17728,0.2199,0.20001,0.20815,0.20847,0.21571,0.22491,0.19821,0.36787,0.29538,0.34248,0.22032,0,0.086606,-0.040224,0.82008,-0.071657,0.21216,0.051741,-0.010192,0.018702,0.15019,-0.042075,0.022409,0.15007,-0.1699,-0.31851,-0.37287,-0.32288,-0.43155,-0.46376,-0.61912,-0.17462,-0.029231,0.11809,0.34324,0.22053,-0.096075,0.15937,0.13817,0.035407,0.17695,0.12166,-0.065475,0.28961,-0.10657,-0.31157,-0.42381,-0.45199
0.019941,0.015993,-0.0015136,-0.14661,-0.047538,-0.0016518,0.0058816,0.0031885,0.040374,-0.0022658,0.0049162,0.0049883,-0.10605,0.11516,-0.2481,-0.039272,0.0078068,-0.037133,-0.010877,-0.0061129,0.013103,0.002088,-0.013124,0.032668,0.020049,0.0093419,-0.0027192,-0.040224,-0.078425,0,0.72165,0.0092661,0.25483,0.039693,-0.0033604,0.022505,0.15399,0.011383,0.045408,0.18452,0.098049,-0.011299,-0.0036361,-0.0036269,0.042755,0.043529,0.035687,0.1209,0.08915,0.18489,0.37688,0.31604,-0.18779,0.15856,0.14462,0.040674,0.18827,0.13718,-0.077321,0.32641,0.063905,0.024258,-0.014767,-0.014769
-0.15963,0.02991,-0.025766,0.0040409,0.022512,0.01264,0.0050054,0.0074444,0.0034515,0.0045,0.015277,0.020763,-0.24377,0.083999,-0.49086,0.236,-0.049412,0.044962,0.024393,0.022681,-0.002379,-0.027883,0.057972,0.057239,0.046617,0.029281,-0.015378,-0.071657,-0.11562,0.0092661,-0.46286,0,0.26152,0.038399,-0.010798,0.016926,0.15544,-0.0019411,0.041615,0.18453,0.099374,-0.0059068,-0.004631,-0.01154,0.038672,0.040996,0.032911,0.049155,0.083401,0.20192,0.47699,0.32455,-0.071686,0.17521,0.14661,0.036924,0.20117,0.14061,-0.082796,0.28369,0.060806,0.023967,-0.020157,-0.017592
-0.055807,0.145,0.02956,0.062984,0.092752,0.037531,0.03806,0.040804,0.019849,0.052736,0.03898,0.038264,0.0037865,0.045371,-0.057042,0.16336,-0.021966,0.04866,0.041348,0.039929,0.04128,0.0585,0.032441,0.016457,0.017298,0.034968,0.048057,0.051741,-0.00042548,0.039693,0.044844,0.038399,-0.16797,0,-0.026007,0.015412,0.15237,0.015142,0.04877,0.19529,0.10456,-0.0074974,-0.0012881,-0.001706,0.040983,0.04105,0.035451,0.11025,0.11475,0.16668,0.40917,0.26708,-0.22309,0.12049,0.14097,0.023712,0.18654,0.13578,-0.19668,0.33911,0.066651,0.028759,-0.012236,-0.012879
-0.51195,0.0063808,-0.23042,-0.0084245,0.035294,-0.095879,-0.24889,-0.11639,0.033878,0.016592,0.024211,0.022175,-0.0038874,0.037608,-0.04169,0.31901,-0.0015298,0.18873,-0.10508,-0.097102,-0.28849,0.0069259,0.027839,0.031778,0.028269,0.022823,0.018267,0.018702,-0.00032984,0.022505,-0.046559,0.016926,0.0090281,0.015412,0.045859,0,0.67461,-0.022284,0.038444,0.24958,0.098974,-0.010557,0.00013398,0.0085546,0.048454,0.045313,0.036401,0.119,0.11658,0.18754,0.42551,0.31133,-0.054359,0.17584,0.18978,0.08371,0.47315,0.44574,-0.032985,0.40315,0.090847,0.024,-0.0073591,-0.010364
0.088772,0.16915,0.10443,0.11612,0.14701,0.11443,0.11445,0.11448,0.066577,0.033088,0.088022,0.11941,-0.29167,0.2111,-0.15747,0.11913,0.10664,0.11599,0.11609,0.11558,0.11485,0.11011,0.11864,0.22187,0.18857,0.1408,0.003241,-0.17462,-0.17221,0.1209,-0.6835,0.049155,0.072302,0.11025,0.12754,0.119,0.11213,0.12199,0.11551,0.10241,0.053281,0.18413,0.20784,0.23584,0.16545,0.15736,0.18358,0,0.059066,0.17753,0.49364,0.3153,-0.069877,0.1633,0.13887,0.033889,0.18324,0.13095,-0.075511,0.34233,-0.050526,-0.18323,-0.28825,-0.26809
0.016817,0.10254,0.16055,-0.00040219,0.13104,0.17389,0.17023,0.17293,0.20739,0.17019,0.20191,0.2046,-0.069881,0.34302,-0.31792,0.29391,0.14562,0.19133,0.1744,0.17481,0.16665,0.15958,0.19722,0.21687,0.20293,0.19231,0.16667,0.11809,0.074674,0.18489,-0.63732,0.20192,0.10883,0.16668,0.20301,0.18754,0.16357,0.19591,0.17831,0.14799,0.17273,0.20487,0.20722,0.21262,0.19889,0.19959,0.21286,0.17753,0.19057,0,0.33347,0.19529,-0.12617,0.091591,0.10789,-0.015125,0.14697,0.1163,-0.10039,0.3148,0.041917,0.01727,-0.039965,-0.018349
0.19305,0.29727,0.25048,0.18119,0.27073,0.30714,0.30507,0.30529,0.32993,0.30413,0.3284,0.33601,0.12711,0.38019,-0.046491,0.42704,0.27992,0.31834,0.309,0.31053,0.30397,0.28595,0.32975,0.34283,0.33458,0.33775,0.30164,0.22053,0.20093,0.31604,-0.14123,0.32455,0.24254,0.26708,0.30848,0.31133,0.29943,0.32387,0.31255,0.28704,0.30731,0.33248,0.33891,0.34787,0.3343,0.33751,0.33791,0.3153,0.26546,0.19529,0.098329,0,-0.29236,0.094747,0.076089,-0.012604,0.1817,0.12005,-0.12516,0.30013,0.047342,0.028559,-0.028422,-0.020366
0.11552,0.19436,0.16007,0.10231,0.20735,0.16964,0.16948,0.11974,0.18372,0.12596,0.17385,0.16989,0.086371,0.29423,-0.052161,0.218,0.15117,0.16725,0.16821,0.16835,0.17223,0.1825,0.16325,0.16824,0.16584,0.16766,0.1714,0.15937,0.11437,0.15856,-0.022611,0.17521,-0.059728,0.12049,0.2079,0.17584,0.17073,0.10443,0.1683,0.16513,0.17414,0.16388,0.16224,0.16629,0.16583,0.16593,0.16662,0.1633,0.15074,0.091591,-0.0011635,0.094747,0.28303,0,0.12335,0.016061,0.16816,0.13374,-0.27043,0.32337,0.054472,0.015916,-0.026313,-0.018285
-0.16157,0.044437,0.010226,-0.033161,0.013446,0.055009,0.03849,0.042736,0.048745,0.036923,0.040644,0.041965,-0.047946,0.10631,-0.16156,0.24809,-0.011582,0.10467,0.064793,0.063361,0.025027,0.003589,0.089802,0.042823,0.048422,0.043752,0.039306,0.035407,-0.0048316,0.040674,-0.090498,0.036924,0.034211,0.023712,0.14094,0.08371,0.0035146,0.076319,0.066833,-0.0025181,0.040356,0.041905,0.042469,0.050771,0.041784,0.041274,0.042031,0.033889,0.028051,-0.015125,-0.063894,-0.012604,0.061356,0.016061,-0.33393,0,0.25648,0.1497,-0.061349,0.28293,0.069783,0.023335,-0.010761,-0.013974
0.041729,-0.0093096,0.022144,-0.047954,0.023986,0.024844,0.024462,0.021952,0.021841,-0.10963,-0.085388,-0.074939,-0.0031483,0.063105,-0.033447,-0.0079135,0.037164,0.021947,0.024311,0.02538,0.023669,-0.0006429,0.02908,0.18925,0.085948,-0.065891,-0.23897,-0.31157,-0.19113,0.024258,-0.62432,0.023967,0.044795,0.028759,0.022285,0.024,0.025289,0.028,0.026733,-0.0042808,-0.22602,0.099121,0.12704,0.087965,-0.038048,-0.036891,-0.023567,-0.18323,0.0022385,0.01727,-0.036783,0.028559,0.016838,0.015916,0.026714,0.023335,0.020008,0.024618,0.026742,-0.060235,-0.11937,0,-0.25579,-0.207
-0.038533,-0.054405,-0.023898,-0.09821,-0.017537,-0.011974,-0.0139,-0.018822,-0.036631,-0.1691,-0.17508,-0.16349,-0.34694,0.033109,-0.12719,-0.0056367,-0.011585,-0.0064777,-0.010635,-0.010047,-0.016529,-0.050233,-0.005571,0.070623,-0.037923,-0.23257,-0.39757,-0.42381,-0.27621,-0.014767,-0.80153,-0.020157,-0.0025107,-0.012236,-0.0078413,-0.0073591,-0.017162,-0.0093748,-0.010466,-0.052049,-0.34736,-0.029924,-0.049524,-0.069281,-0.15198,-0.14062,-0.13383,-0.28825,-0.048695,-0.039965,-0.097182,-0.028422,-0.014322,-0.026313,-0.016837,-0.010761,-0.028325,-0.017433,-0.0023272,-0.11281,-0.21356,-0.25579,0,-0.033908
-0.011155,-0.023832,-0.020675,-0.059328,-0.026103,-0.013084,-0.014496,-0.017792,-0.0051992,-0.031785,-0.15662,-0.17802,-0.048781,0.012789,-0.079702,-0.02385,-0.013047,-0.0099605,-0.011854,-0.011421,-0.016871,-0.041934,-0.0086755,0.032188,-0.051566,-0.30112,-0.40355,-0.45199,-0.03099,-0.014769,-0.10749,-0.017592,-0.0044436,-0.012879,-0.014506,-0.010364,-0.017083,-0.011442,-0.012009,-0.039106,-0.4344,-0.04473,-0.080218,-0.077877,-0.21537,-0.1933,-0.17907,-0.26809,-0.030926,-0.018349,-0.060206,-0.020366,-0.016476,-0.018285,-0.013526,-0.013974,-0.022828,-0.01716,-0.0074406,-0.082071,-0.18506,-0.207,-0.033908,0